MaGIC-1/fogli/dati/02-Savona/grid/02-100m.txt
ncols         368
nrows         565
xllcorner     424191.971
yllcorner     4850831.878
cellsize      100
nodata_value  -9999
[rows 364 to 391 of 565, columns 126 to 188 of 368]
-9999.00 -9999.00 -9999.00 -9999.00 -9999.00 -9999.00 -9999.00 -9999.00 -9999.00 -9999.00 -9999.00 -9999.00 -9999.00 -9999.00 -9999.00 -9999.00 -9999.00 -9999.00 -9999.00 -9999.00 -9999.00 -9999.00 -120.63 -124.06 -128.31 -131.92 -134.79 -139.72 -9999.00 -9999.00 -9999.00 -9999.00 -9999.00 -9999.00 -196.08 -203.85 -210.03 -214.11 -216.39 -217.75 -219.57 -221.45 -225.24 -232.86 -242.54 -253.54 -265.49 -272.90 -280.58 -291.27 -303.05 -313.26 -319.92 -324.53 -329.12 -333.04 -338.50 -342.99 -348.63 -355.53 -361.37 -369.88 -378.47
-9999.00 -9999.00 -9999.00 -9999.00 -9999.00 -9999.00 -9999.00 -9999.00 -9999.00 -9999.00 -9999.00 -9999.00 -9999.00 -9999.00 -9999.00 -9999.00 -9999.00 -9999.00 -9999.00 -120.55 -120.75 -123.64 -127.36 -131.05 -135.03 -139.24 -142.03 -143.87 -9999.00 -9999.00 -9999.00 -9999.00 -9999.00 -192.79 -198.19 -206.59 -212.86 -216.61 -217.46 -217.52 -217.73 -219.27 -223.67 -233.64 -245.80 -260.18 -274.94 -280.89 -284.75 -293.25 -305.06 -315.68 -321.10 -326.38 -330.11 -335.10 -339.83 -344.99 -350.93 -358.24 -365.26 -374.50 -385.33
-9999.00 -9999.00 -9999.00 -9999.00 -9999.00 -9999.00 -9999.00 -9999.00 -9999.00 -9999.00 -9999.00 -9999.00 -9999.00 -9999.00 -9999.00 -9999.00 -9999.00 -9999.00 -128.79 -123.30 -125.93 -129.81 -133.78 -137.76 -141.91 -146.29 -149.82 -9999.00 -9999.00 -9999.00 -9999.00 -9999.00 -9999.00 -193.31 -201.13 -209.57 -215.96 -219.09 -218.16 -216.62 -215.91 -217.32 -223.51 -236.28 -251.69 -269.34 -283.56 -288.14 -290.49 -298.23 -308.08 -315.86 -322.63 -327.07 -331.88 -336.82 -341.29 -346.59 -353.21 -360.45 -369.94 -381.30 -394.48
-9999.00 -9999.00 -9999.00 -9999.00 -9999.00 -9999.00 -9999.00 -9999.00 -9999.00 -9999.00 -9999.00 -9999.00 -9999.00 -9999.00 -9999.00 -9999.00 -9999.00 -9999.00 -125.50 -127.60 -131.31 -135.49 -140.02 -143.95 -148.61 -153.08 -156.74 -9999.00 -9999.00 -9999.00 -9999.00 -9999.00 -190.62 -195.28 -204.52 -212.87 -219.35 -222.51 -219.06 -215.83 -215.40 -216.83 -226.27 -242.01 -259.58 -276.76 -290.03 -292.59 -292.91 -301.19 -309.89 -318.13 -323.98 -328.96 -333.58 -337.95 -342.84 -348.71 -356.12 -364.98 -376.25 -391.62 -406.83
-9999.00 -9999.00 -9999.00 -9999.00 -9999.00 -9999.00 -9999.00 -9999.00 -9999.00 -9999.00 -9999.00 -9999.00 -9999.00 -9999.00 -9999.00 -9999.00 -9999.00 -130.00 -128.81 -132.28 -136.29 -140.57 -145.34 -150.43 -155.40 -160.65 -9999.00 -9999.00 -9999.00 -9999.00 -9999.00 -9999.00 -191.32 -199.20 -207.69 -216.43 -223.73 -227.64 -223.50 -218.97 -217.64 -220.83 -233.01 -249.81 -266.61 -282.81 -292.45 -296.45 -298.18 -304.51 -312.35 -319.90 -325.99 -330.91 -335.25 -339.75 -344.44 -350.87 -359.16 -370.84 -385.34 -403.69 -419.81
-9999.00 -9999.00 -9999.00 -9999.00 -9999.00 -9999.00 -9999.00 -9999.00 -9999.00 -9999.00 -9999.00 -9999.00 -9999.00 -9999.00 -9999.00 -9999.00 -9999.00 -129.10 -132.21 -136.42 -141.06 -145.73 -150.82 -156.42 -162.11 -167.94 -9999.00 -9999.00 -9999.00 -9999.00 -9999.00 -9999.00 -195.04 -203.17 -211.76 -220.80 -229.60 -235.66 -232.72 -227.56 -225.46 -229.78 -241.49 -256.90 -273.51 -286.98 -295.54 -296.98 -302.27 -308.43 -315.98 -322.32 -328.05 -332.47 -336.90 -341.33 -346.84 -353.16 -363.62 -379.28 -397.66 -416.12 -434.76
-9999.00 -9999.00 -9999.00 -9999.00 -9999.00 -9999.00 -9999.00 -9999.00 -9999.00 -9999.00 -9999.00 -9999.00 -9999.00 -9999.00 -9999.00 -9999.00 -130.39 -131.50 -135.67 -140.55 -145.38 -150.60 -156.42 -162.23 -168.04 -171.68 -9999.00 -9999.00 -9999.00 -9999.00 -9999.00 -193.52 -199.26 -206.04 -215.68 -225.96 -236.37 -244.61 -244.00 -239.08 -236.31 -240.03 -249.63 -263.28 -277.63 -289.56 -296.45 -299.37 -304.56 -310.57 -318.48 -325.17 -330.41 -334.63 -339.05 -343.48 -348.84 -356.55 -369.70 -391.18 -412.05 -430.96 -451.35
-9999.00 -9999.00 -9999.00 -9999.00 -9999.00 -9999.00 -9999.00 -9999.00 -9999.00 -9999.00 -9999.00 -9999.00 -9999.00 -9999.00 -9999.00 -137.82 -131.78 -134.81 -139.34 -144.03 -149.77 -155.42 -161.90 -167.62 -173.82 -9999.00 -9999.00 -9999.00 -9999.00 -9999.00 -196.90 -197.65 -201.60 -208.90 -219.15 -231.03 -242.91 -250.67 -252.14 -248.65 -246.17 -248.70 -256.69 -268.35 -280.50 -291.62 -297.68 -302.22 -307.54 -314.83 -321.04 -327.32 -332.45 -336.78 -341.12 -346.23 -351.02 -360.82 -378.16 -403.58 -426.97 -446.99 -466.57
-9999.00 -9999.00 -9999.00 -9999.00 -9999.00 -9999.00 -9999.00 -9999.00 -9999.00 -9999.00 -9999.00 -9999.00 -9999.00 -9999.00 -9999.00 -132.98 -134.24 -138.12 -142.87 -147.72 -154.04 -160.38 -167.02 -173.54 -176.63 -9999.00 -9999.00 -9999.00 -9999.00 -198.00 -198.19 -200.24 -203.34 -210.69 -222.57 -236.10 -247.72 -255.04 -257.34 -255.73 -254.41 -256.59 -262.92 -274.06 -284.83 -294.13 -300.56 -305.73 -311.06 -317.38 -323.78 -329.51 -334.12 -338.67 -343.62 -348.16 -354.42 -365.16 -386.04 -414.20 -437.85 -459.32 -477.46
-9999.00 -9999.00 -9999.00 -9999.00 -9999.00 -9999.00 -9999.00 -9999.00 -9999.00 -9999.00 -9999.00 -9999.00 -9999.00 -9999.00 -137.07 -134.99 -137.80 -141.55 -145.69 -151.69 -158.01 -164.89 -171.78 -178.53 -9999.00 -9999.00 -9999.00 -9999.00 -9999.00 -199.29 -199.45 -199.12 -200.76 -208.75 -224.03 -239.96 -251.83 -258.67 -261.10 -261.15 -261.07 -263.54 -269.96 -279.48 -289.23 -296.62 -303.85 -307.28 -313.24 -320.27 -326.42 -331.35 -335.90 -340.92 -346.30 -350.77 -358.98 -370.81 -392.71 -421.42 -447.52 -468.95 -486.90
-9999.00 -9999.00 -9999.00 -9999.00 -9999.00 -9999.00 -9999.00 -9999.00 -9999.00 -9999.00 -9999.00 -9999.00 -9999.00 -9999.00 -137.25 -138.55 -141.38 -144.78 -149.46 -155.14 -161.81 -169.00 -176.32 -181.27 -9999.00 -9999.00 -9999.00 -9999.00 -9999.00 -199.16 -197.64 -193.67 -194.69 -204.87 -224.55 -242.90 -255.75 -262.21 -264.77 -266.21 -267.54 -270.25 -276.66 -285.62 -293.64 -300.03 -305.16 -309.57 -316.17 -322.24 -327.90 -332.82 -337.99 -342.91 -348.75 -355.25 -364.22 -378.05 -399.38 -429.86 -457.34 -478.47 -495.27
-9999.00 -9999.00 -9999.00 -9999.00 -9999.00 -9999.00 -9999.00 -9999.00 -9999.00 -9999.00 -9999.00 -9999.00 -9999.00 -141.84 -141.19 -142.78 -144.89 -147.83 -152.99 -158.61 -165.34 -172.54 -180.28 -9999.00 -9999.00 -9999.00 -9999.00 -9999.00 -197.70 -197.29 -193.44 -189.39 -191.60 -203.14 -225.12 -246.96 -259.61 -265.44 -268.13 -270.41 -273.34 -276.84 -282.77 -290.94 -297.75 -303.83 -306.36 -311.96 -317.66 -323.46 -329.49 -334.54 -340.06 -345.95 -352.36 -361.07 -371.00 -384.78 -405.71 -438.61 -465.72 -484.89 -498.71
-9999.00 -9999.00 -9999.00 -9999.00 -9999.00 -9999.00 -9999.00 -9999.00 -9999.00 -9999.00 -9999.00 -9999.00 -151.00 -146.54 -146.46 -147.29 -148.90 -152.10 -156.61 -162.35 -168.96 -176.51 -181.73 -9999.00 -9999.00 -9999.00 -9999.00 -9999.00 -196.89 -195.08 -193.12 -194.41 -201.42 -212.78 -231.44 -251.85 -262.79 -267.88 -270.87 -274.02 -278.06 -282.59 -289.28 -295.18 -303.06 -305.34 -308.23 -313.47 -320.01 -325.46 -330.99 -336.60 -343.16 -349.50 -358.48 -368.45 -379.45 -393.89 -413.90 -441.04 -468.72 -490.21 -500.37
-9999.00 -9999.00 -9999.00 -9999.00 -9999.00 -9999.00 -9999.00 -9999.00 -9999.00 -9999.00 -9999.00 -9999.00 -154.15 -153.36 -153.05 -153.15 -154.00 -156.72 -160.38 -165.75 -172.19 -180.01 -9999.00 -9999.00 -9999.00 -9999.00 -9999.00 -199.32 -196.81 -195.15 -200.49 -211.56 -222.90 -230.96 -242.04 -255.94 -265.04 -269.73 -273.33 -277.35 -282.09 -287.89 -293.95 -299.86 -303.32 -306.72 -310.70 -315.38 -321.43 -327.37 -333.14 -339.02 -346.21 -354.79 -366.79 -379.46 -391.37 -407.89 -423.03 -443.89 -474.04 -492.14 -502.13
-9999.00 -9999.00 -9999.00 -9999.00 -9999.00 -9999.00 -9999.00 -9999.00 -9999.00 -9999.00 -9999.00 -164.03 -163.29 -163.34 -162.46 -161.50 -160.97 -161.75 -164.35 -168.91 -175.95 -181.11 -9999.00 -9999.00 -9999.00 -9999.00 -202.26 -199.37 -196.55 -201.13 -214.72 -227.45 -237.46 -242.64 -249.51 -258.71 -266.43 -271.40 -275.50 -280.20 -285.52 -292.14 -298.09 -304.52 -304.61 -308.35 -313.00 -317.64 -323.30 -329.36 -335.95 -343.67 -352.41 -364.46 -378.87 -392.49 -406.11 -425.00 -433.99 -445.27 -470.52 -488.99 -500.05
-9999.00 -9999.00 -9999.00 -9999.00 -9999.00 -9999.00 -9999.00 -9999.00 -9999.00 -9999.00 -163.40 -171.72 -174.22 -175.17 -174.40 -171.87 -169.25 -167.67 -169.00 -172.69 -179.92 -9999.00 -9999.00 -9999.00 -9999.00 -9999.00 -201.71 -198.89 -199.30 -211.57 -225.45 -236.45 -243.52 -247.63 -252.98 -260.60 -267.47 -272.29 -276.57 -282.43 -288.83 -294.87 -300.35 -304.74 -306.96 -309.47 -314.86 -320.24 -325.72 -332.32 -340.99 -349.70 -361.58 -376.28 -392.94 -405.70 -421.55 -441.00 -448.42 -449.43 -464.90 -482.58 -494.09
-9999.00 -9999.00 -9999.00 -9999.00 -9999.00 -9999.00 -9999.00 -9999.00 -9999.00 -9999.00 -163.52 -173.25 -185.16 -188.17 -187.26 -183.97 -179.26 -174.87 -174.25 -177.79 -180.99 -9999.00 -9999.00 -9999.00 -9999.00 -9999.00 -202.24 -199.02 -204.56 -219.66 -231.87 -241.19 -245.95 -250.16 -255.21 -262.21 -268.85 -274.00 -278.90 -284.35 -291.52 -297.14 -302.54 -306.40 -308.64 -312.46 -317.06 -322.66 -328.39 -336.85 -347.78 -358.76 -372.36 -387.94 -404.68 -418.25 -435.46 -453.62 -462.00 -463.75 -471.02 -481.55 -490.75
-9999.00 -9999.00 -9999.00 -9999.00 -9999.00 -9999.00 -9999.00 -9999.00 -9999.00 -167.34 -169.80 -177.25 -189.68 -201.76 -201.05 -196.58 -189.81 -183.25 -180.56 -182.33 -9999.00 -9999.00 -9999.00 -9999.00 -211.70 -205.32 -200.80 -200.07 -210.25 -224.86 -235.95 -242.96 -247.51 -251.58 -256.98 -264.10 -270.37 -276.48 -281.91 -288.78 -294.61 -299.37 -304.44 -307.28 -311.05 -315.00 -319.66 -324.89 -332.49 -344.24 -356.58 -369.83 -382.80 -397.52 -412.13 -428.63 -447.23 -463.82 -475.36 -482.81 -488.87 -491.12 -493.22
-9999.00 -9999.00 -9999.00 -9999.00 -9999.00 -9999.00 -9999.00 -214.04 -181.35 -177.20 -181.49 -186.86 -195.68 -211.54 -215.40 -208.93 -200.24 -191.71 -187.92 -9999.00 -9999.00 -9999.00 -9999.00 -9999.00 -210.58 -204.00 -200.74 -202.89 -215.47 -228.23 -237.91 -243.78 -248.51 -252.98 -258.95 -265.72 -272.46 -279.15 -286.55 -292.89 -300.12 -302.29 -306.69 -309.41 -313.21 -318.07 -322.83 -328.26 -337.59 -351.03 -364.79 -378.45 -392.52 -405.96 -419.66 -436.69 -454.91 -472.30 -486.56 -496.57 -503.11 -507.08 -503.18
-9999.00 -9999.00 -9999.00 -9999.00 -9999.00 -9999.00 -235.95 -214.83 -198.20 -195.93 -198.03 -200.84 -207.86 -221.57 -228.24 -220.80 -210.93 -200.76 -196.78 -9999.00 -9999.00 -9999.00 -226.77 -218.95 -209.99 -204.73 -202.41 -207.95 -219.50 -230.59 -238.60 -244.82 -249.59 -255.03 -261.25 -268.37 -275.42 -282.94 -290.66 -299.06 -305.16 -307.75 -308.51 -312.68 -315.84 -320.98 -325.46 -332.06 -342.28 -355.42 -370.76 -386.97 -404.14 -416.64 -429.66 -445.82 -460.80 -479.76 -494.38 -505.35 -512.94 -518.67 -517.23
-9999.00 -9999.00 -9999.00 -9999.00 -9999.00 -253.01 -251.68 -248.63 -224.64 -218.38 -217.54 -219.15 -224.44 -233.58 -238.25 -232.46 -221.77 -211.03 -206.06 -9999.00 -9999.00 -240.93 -230.20 -220.53 -212.98 -207.59 -207.87 -213.99 -223.33 -232.38 -239.52 -246.16 -251.51 -257.79 -264.37 -271.40 -278.99 -287.66 -295.57 -304.20 -309.85 -310.35 -312.08 -315.21 -319.82 -323.81 -328.72 -335.18 -344.49 -357.24 -374.32 -394.66 -415.49 -427.79 -439.40 -454.50 -466.83 -483.39 -499.73 -512.84 -521.95 -526.00 -530.95
-9999.00 -9999.00 -9999.00 -299.77 -277.00 -270.91 -287.14 -273.47 -245.67 -241.50 -239.57 -238.84 -241.92 -246.18 -248.00 -243.77 -233.15 -223.30 -223.75 -9999.00 -252.51 -247.60 -233.64 -223.44 -217.06 -213.97 -214.75 -219.46 -226.75 -233.92 -241.62 -247.86 -253.92 -260.91 -268.17 -276.00 -284.01 -292.76 -302.00 -309.92 -312.85 -314.94 -317.22 -320.56 -323.73 -326.93 -331.20 -337.64 -345.44 -359.52 -378.02 -400.02 -420.52 -435.30 -448.10 -460.49 -471.28 -485.60 -501.43 -516.65 -528.08 -534.01 -540.46
-9999.00 -352.49 -323.34 -312.30 -302.11 -301.37 -317.96 -297.88 -270.07 -267.50 -262.03 -256.59 -256.77 -258.32 -259.29 -255.21 -245.42 -237.85 -237.04 -9999.00 -259.47 -250.72 -240.34 -229.83 -223.11 -220.79 -221.57 -225.31 -230.55 -237.06 -244.24 -250.71 -257.52 -264.84 -272.65 -280.43 -289.51 -298.69 -308.43 -313.74 -318.89 -320.43 -322.73 -325.58 -327.89 -330.25 -333.78 -339.19 -346.82 -360.48 -379.13 -400.69 -419.96 -437.23 -449.75 -462.21 -474.41 -487.38 -504.14 -519.70 -531.46 -539.14 -545.72
-373.29 -365.42 -353.51 -344.10 -333.44 -332.31 -343.36 -323.04 -309.67 -304.98 -293.10 -279.46 -273.18 -271.63 -272.27 -268.24 -257.92 -253.16 -273.10 -269.10 -268.71 -256.27 -245.44 -237.79 -231.88 -229.08 -228.95 -231.29 -235.29 -241.76 -248.65 -254.88 -262.14 -269.62 -277.22 -286.17 -294.86 -304.29 -313.27 -318.16 -322.14 -326.47 -329.13 -330.96 -332.64 -333.95 -336.22 -340.02 -347.49 -360.14 -377.42 -397.16 -414.93 -431.17 -445.18 -456.78 -469.16 -484.78 -502.17 -516.88 -529.86 -540.75 -546.66
-384.42 -386.87 -384.66 -378.66 -369.74 -365.19 -369.18 -359.72 -357.43 -356.63 -329.30 -312.21 -301.83 -293.13 -292.78 -283.82 -272.67 -268.86 -286.45 -283.18 -277.09 -263.69 -254.66 -248.13 -242.78 -239.08 -237.35 -238.62 -242.12 -247.72 -254.04 -260.53 -267.22 -274.70 -282.77 -290.91 -300.22 -310.97 -316.61 -321.10 -326.58 -331.18 -334.38 -336.42 -337.59 -338.16 -339.56 -342.67 -348.84 -358.89 -373.90 -391.71 -409.64 -426.15 -436.76 -446.27 -460.61 -476.85 -495.59 -511.86 -527.50 -535.34 -541.54
-380.83 -390.18 -396.44 -399.90 -399.23 -394.86 -393.23 -388.21 -388.27 -391.14 -374.70 -352.45 -342.29 -330.48 -331.14 -308.27 -291.78 -306.49 -327.40 -325.24 -298.07 -285.75 -273.03 -261.67 -256.47 -251.08 -247.21 -246.95 -250.73 -255.90 -261.62 -267.46 -274.27 -281.45 -288.79 -297.21 -304.87 -314.41 -319.68 -324.69 -330.47 -335.50 -338.93 -340.80 -342.18 -342.86 -343.40 -346.89 -351.41 -359.25 -371.59 -387.62 -403.53 -415.84 -423.64 -434.94 -454.55 -473.29 -491.33 -508.93 -520.91 -530.25 -534.17
-356.11 -369.23 -382.41 -394.48 -405.59 -408.45 -413.34 -412.41 -407.93 -404.58 -403.82 -391.68 -381.87 -371.16 -366.68 -343.95 -327.00 -344.40 -363.73 -366.43 -346.49 -341.35 -315.27 -277.64 -271.65 -264.66 -259.49 -259.08 -261.98 -266.09 -271.08 -276.30 -282.09 -289.02 -297.55 -305.67 -312.36 -317.74 -324.26 -329.50 -334.47 -339.26 -342.42 -345.01 -347.31 -348.33 -349.86 -353.02 -357.37 -363.17 -371.80 -383.94 -396.34 -406.16 -416.06 -431.16 -451.48 -470.35 -491.20 -509.22 -518.68 -524.69 -529.18
-323.08 -339.81 -358.15 -373.52 -385.88 -398.67 -412.59 -424.30 -427.76 -428.30 -424.05 -421.21 -419.11 -412.55 -406.53 -395.70 -371.17 -379.56 -394.70 -389.51 -386.46 -379.34 -346.28 -295.51 -286.88 -280.18 -275.84 -275.96 -276.39 -278.81 -282.51 -287.00 -291.96 -298.20 -306.78 -317.02 -322.87 -325.41 -329.37 -335.02 -339.37 -343.14 -346.36 -349.65 -352.76 -355.07 -357.73 -361.49 -365.85 -370.97 -376.34 -384.53 -393.56 -404.58 -417.25 -431.88 -452.99 -472.21 -491.53 -505.48 -513.40 -518.49 -521.34
