MaGIC-1/fogli/dati/02-Savona/grid/02-100m.txt
ncols         368
nrows         565
xllcorner     424191.971
yllcorner     4850831.878
cellsize      100
nodata_value  -9999
[rows 168 to 195 of 565, columns 252 to 314 of 368]
-9999.00 -9999.00 -9999.00 -9999.00 -9999.00 -9999.00 -9999.00 -9999.00 -9999.00 -9999.00 -9999.00 -9999.00 -9999.00 -9999.00 -9999.00 -9999.00 -9999.00 -9999.00 -9999.00 -9999.00 -9999.00 -9999.00 -9999.00 -9999.00 -9999.00 -9999.00 -9999.00 -9999.00 -9999.00 -9999.00 -9999.00 -9999.00 -9999.00 -9999.00 -9999.00 -9999.00 -9999.00 -9999.00 -9999.00 -9999.00 -9999.00 -9999.00 -9999.00 -124.31 -129.95 -132.43 -129.71 -9999.00 -131.43 -131.43 -131.89 -132.27 -132.75 -133.15 -133.47 -133.82 -134.05 -137.49 -157.65 -187.13 -223.82 -257.27 -293.16
-9999.00 -9999.00 -9999.00 -9999.00 -9999.00 -9999.00 -9999.00 -9999.00 -9999.00 -9999.00 -9999.00 -9999.00 -9999.00 -9999.00 -9999.00 -9999.00 -9999.00 -9999.00 -9999.00 -9999.00 -9999.00 -9999.00 -9999.00 -9999.00 -9999.00 -9999.00 -9999.00 -9999.00 -9999.00 -9999.00 -9999.00 -9999.00 -9999.00 -9999.00 -9999.00 -9999.00 -9999.00 -9999.00 -9999.00 -9999.00 -9999.00 -9999.00 -125.09 -133.26 -140.17 -138.04 -9999.00 -138.27 -136.44 -136.09 -135.73 -135.35 -134.96 -134.63 -134.22 -133.81 -133.48 -144.52 -166.59 -198.41 -233.43 -269.69 -301.28
-9999.00 -9999.00 -9999.00 -9999.00 -9999.00 -9999.00 -9999.00 -9999.00 -9999.00 -9999.00 -9999.00 -9999.00 -9999.00 -9999.00 -9999.00 -9999.00 -9999.00 -9999.00 -9999.00 -9999.00 -9999.00 -9999.00 -9999.00 -9999.00 -9999.00 -9999.00 -9999.00 -9999.00 -9999.00 -9999.00 -9999.00 -9999.00 -9999.00 -9999.00 -9999.00 -9999.00 -9999.00 -9999.00 -9999.00 -9999.00 -9999.00 -127.81 -135.82 -142.76 -145.40 -9999.00 -145.69 -142.71 -141.72 -140.65 -139.59 -138.44 -137.40 -136.34 -135.25 -133.86 -135.44 -150.93 -172.67 -205.86 -242.67 -279.40 -312.44
-9999.00 -9999.00 -9999.00 -9999.00 -9999.00 -9999.00 -9999.00 -9999.00 -9999.00 -9999.00 -9999.00 -9999.00 -9999.00 -9999.00 -9999.00 -9999.00 -9999.00 -9999.00 -9999.00 -9999.00 -9999.00 -9999.00 -9999.00 -9999.00 -9999.00 -9999.00 -9999.00 -9999.00 -9999.00 -9999.00 -9999.00 -9999.00 -9999.00 -9999.00 -9999.00 -9999.00 -9999.00 -9999.00 -9999.00 -128.45 -135.58 -142.50 -148.40 -149.66 -9999.00 -9999.00 -148.77 -147.35 -145.78 -144.10 -142.43 -140.78 -139.03 -137.33 -135.37 -134.14 -138.40 -151.04 -168.92 -212.38 -248.08 -285.35 -322.71
-9999.00 -9999.00 -9999.00 -9999.00 -9999.00 -9999.00 -9999.00 -9999.00 -9999.00 -9999.00 -9999.00 -9999.00 -9999.00 -9999.00 -9999.00 -9999.00 -9999.00 -9999.00 -9999.00 -9999.00 -9999.00 -9999.00 -9999.00 -9999.00 -9999.00 -9999.00 -9999.00 -9999.00 -9999.00 -9999.00 -9999.00 -9999.00 -9999.00 -9999.00 -9999.00 -9999.00 -9999.00 -122.00 -133.27 -145.66 -155.48 -160.31 -159.76 -9999.00 -9999.00 -156.18 -154.11 -151.97 -149.66 -147.18 -144.61 -141.99 -139.30 -136.58 -134.50 -136.35 -142.91 -164.68 -194.21 -232.78 -268.72 -303.49 -336.62
-9999.00 -9999.00 -9999.00 -9999.00 -9999.00 -9999.00 -9999.00 -9999.00 -9999.00 -9999.00 -9999.00 -9999.00 -9999.00 -9999.00 -9999.00 -9999.00 -9999.00 -9999.00 -9999.00 -9999.00 -9999.00 -9999.00 -9999.00 -9999.00 -9999.00 -9999.00 -9999.00 -9999.00 -9999.00 -9999.00 -132.76 -9999.00 -128.89 -124.97 -9999.00 -9999.00 -130.13 -141.23 -153.93 -166.14 -175.68 -179.62 -9999.00 -9999.00 -169.97 -164.77 -161.32 -157.86 -154.44 -150.73 -146.76 -142.49 -137.90 -134.79 -136.10 -142.73 -161.98 -195.24 -228.73 -260.27 -291.99 -322.89 -351.31
-9999.00 -9999.00 -9999.00 -9999.00 -9999.00 -9999.00 -9999.00 -9999.00 -9999.00 -9999.00 -9999.00 -9999.00 -9999.00 -9999.00 -9999.00 -9999.00 -9999.00 -9999.00 -9999.00 -9999.00 -9999.00 -9999.00 -9999.00 -9999.00 -9999.00 -9999.00 -9999.00 -9999.00 -9999.00 -148.99 -178.68 -137.09 -176.33 -169.89 -153.06 -136.75 -154.86 -166.47 -180.12 -191.29 -196.41 -190.99 -9999.00 -189.79 -181.67 -176.24 -170.99 -165.93 -161.24 -156.90 -151.34 -144.62 -137.33 -138.05 -142.55 -157.48 -188.14 -225.53 -258.27 -289.34 -316.95 -342.80 -365.22
-9999.00 -9999.00 -9999.00 -9999.00 -9999.00 -9999.00 -9999.00 -9999.00 -9999.00 -9999.00 -9999.00 -9999.00 -9999.00 -9999.00 -9999.00 -9999.00 -9999.00 -9999.00 -9999.00 -9999.00 -9999.00 -9999.00 -9999.00 -9999.00 -9999.00 -9999.00 -9999.00 -9999.00 -151.27 -188.42 -211.68 -198.28 -216.61 -214.81 -188.53 -170.18 -179.47 -198.48 -212.39 -218.68 -219.26 -220.82 -213.78 -207.65 -202.70 -197.83 -192.99 -188.28 -184.36 -200.94 -179.18 -154.33 -144.94 -147.60 -159.65 -179.60 -216.62 -252.41 -287.43 -317.44 -340.28 -363.57 -379.41
-9999.00 -9999.00 -9999.00 -9999.00 -9999.00 -9999.00 -9999.00 -9999.00 -9999.00 -9999.00 -9999.00 -9999.00 -9999.00 -9999.00 -9999.00 -9999.00 -9999.00 -9999.00 -9999.00 -9999.00 -9999.00 -9999.00 -9999.00 -9999.00 -9999.00 -9999.00 -9999.00 -9999.00 -130.61 -170.48 -218.10 -250.13 -256.71 -243.80 -212.82 -192.46 -203.53 -235.64 -249.20 -242.26 -238.06 -233.24 -228.35 -223.53 -218.56 -213.04 -207.39 -201.35 -196.12 -229.95 -223.62 -165.11 -157.27 -167.53 -183.74 -207.31 -246.03 -279.01 -317.91 -346.96 -366.02 -379.72 -392.37
-9999.00 -9999.00 -9999.00 -9999.00 -9999.00 -9999.00 -9999.00 -9999.00 -9999.00 -9999.00 -9999.00 -9999.00 -9999.00 -9999.00 -9999.00 -9999.00 -9999.00 -9999.00 -9999.00 -9999.00 -9999.00 -9999.00 -9999.00 -9999.00 -9999.00 -9999.00 -9999.00 -9999.00 -130.49 -177.02 -220.89 -271.47 -286.37 -274.09 -250.56 -248.37 -261.21 -277.09 -270.56 -267.22 -257.80 -249.13 -240.31 -231.46 -222.60 -213.45 -203.51 -193.10 -202.46 -250.55 -262.36 -180.53 -184.33 -192.85 -213.78 -241.06 -274.57 -307.25 -346.91 -371.35 -384.11 -392.55 -401.90
-9999.00 -9999.00 -9999.00 -9999.00 -9999.00 -9999.00 -9999.00 -9999.00 -9999.00 -9999.00 -9999.00 -9999.00 -9999.00 -9999.00 -9999.00 -9999.00 -9999.00 -9999.00 -9999.00 -9999.00 -9999.00 -9999.00 -9999.00 -9999.00 -9999.00 -9999.00 -9999.00 -9999.00 -121.97 -167.15 -209.35 -242.46 -302.74 -304.40 -281.89 -287.71 -299.83 -316.19 -304.93 -288.03 -275.51 -263.00 -250.52 -238.14 -225.73 -213.37 -199.96 -186.12 -221.92 -275.38 -285.52 -234.88 -214.40 -223.43 -242.45 -270.92 -299.89 -337.04 -364.72 -385.33 -395.36 -403.79 -410.31
-9999.00 -9999.00 -9999.00 -9999.00 -9999.00 -9999.00 -9999.00 -9999.00 -9999.00 -9999.00 -9999.00 -9999.00 -9999.00 -9999.00 -9999.00 -9999.00 -9999.00 -9999.00 -9999.00 -9999.00 -9999.00 -9999.00 -9999.00 -9999.00 -9999.00 -9999.00 -9999.00 -9999.00 -120.46 -164.28 -207.60 -244.37 -281.60 -332.95 -344.72 -330.95 -335.14 -330.13 -315.90 -303.38 -289.79 -275.80 -261.82 -248.35 -242.28 -232.53 -230.01 -209.97 -244.95 -315.11 -305.18 -261.61 -244.31 -252.09 -268.63 -294.41 -328.01 -359.72 -383.01 -395.21 -404.18 -411.77 -418.38
-9999.00 -9999.00 -9999.00 -9999.00 -9999.00 -9999.00 -9999.00 -9999.00 -9999.00 -9999.00 -9999.00 -9999.00 -9999.00 -9999.00 -9999.00 -9999.00 -9999.00 -9999.00 -9999.00 -9999.00 -9999.00 -9999.00 -9999.00 -9999.00 -9999.00 -9999.00 -9999.00 -9999.00 -124.27 -169.64 -209.81 -247.01 -294.18 -336.45 -373.10 -392.28 -379.98 -364.37 -347.74 -332.08 -315.89 -294.35 -274.06 -279.18 -290.61 -291.90 -294.14 -296.17 -323.83 -343.10 -307.30 -275.07 -265.46 -274.90 -291.62 -316.85 -349.30 -377.85 -396.21 -404.52 -413.12 -420.55 -426.94
-9999.00 -9999.00 -9999.00 -9999.00 -9999.00 -9999.00 -9999.00 -9999.00 -9999.00 -9999.00 -9999.00 -9999.00 -9999.00 -9999.00 -9999.00 -9999.00 -9999.00 -9999.00 -9999.00 -9999.00 -9999.00 -9999.00 -9999.00 -9999.00 -9999.00 -9999.00 -9999.00 -9999.00 -135.93 -179.48 -218.96 -262.95 -305.84 -347.92 -392.67 -430.64 -426.14 -413.57 -381.88 -369.55 -337.30 -287.96 -296.75 -324.58 -341.65 -346.25 -349.09 -362.65 -374.89 -359.35 -303.28 -278.93 -278.56 -289.89 -307.65 -333.65 -367.98 -392.35 -409.32 -417.15 -423.85 -429.14 -434.22
-9999.00 -9999.00 -9999.00 -9999.00 -9999.00 -9999.00 -9999.00 -9999.00 -9999.00 -9999.00 -9999.00 -9999.00 -9999.00 -9999.00 -9999.00 -9999.00 -9999.00 -9999.00 -9999.00 -9999.00 -9999.00 -9999.00 -9999.00 -9999.00 -9999.00 -9999.00 -9999.00 -128.38 -155.33 -193.50 -236.61 -276.91 -317.92 -364.69 -413.15 -455.29 -474.76 -450.03 -420.28 -403.23 -350.13 -315.76 -328.25 -362.95 -389.51 -403.42 -390.83 -417.09 -407.45 -338.83 -313.82 -290.32 -293.39 -301.42 -314.50 -344.40 -384.72 -406.86 -419.88 -428.67 -435.01 -439.47 -446.01
-9999.00 -9999.00 -9999.00 -9999.00 -9999.00 -9999.00 -9999.00 -9999.00 -9999.00 -9999.00 -9999.00 -9999.00 -9999.00 -9999.00 -9999.00 -9999.00 -9999.00 -9999.00 -9999.00 -9999.00 -9999.00 -9999.00 -9999.00 -9999.00 -9999.00 -9999.00 -129.66 -145.64 -167.91 -206.02 -246.39 -289.15 -333.57 -376.69 -420.17 -461.61 -500.93 -490.97 -474.02 -444.72 -391.82 -354.51 -357.20 -399.04 -434.33 -456.24 -430.85 -467.34 -467.19 -389.44 -347.90 -317.93 -314.92 -318.72 -318.82 -355.35 -399.11 -423.76 -435.13 -441.83 -446.86 -454.75 -457.98
-9999.00 -9999.00 -9999.00 -9999.00 -9999.00 -9999.00 -9999.00 -9999.00 -130.36 -128.11 -125.77 -123.44 -120.99 -9999.00 -9999.00 -9999.00 -9999.00 -9999.00 -9999.00 -9999.00 -9999.00 -9999.00 -9999.00 -9999.00 -9999.00 -129.99 -153.28 -165.13 -180.38 -212.61 -253.01 -293.54 -334.09 -373.26 -402.92 -450.97 -503.00 -527.70 -515.03 -482.91 -441.61 -421.28 -408.35 -416.36 -467.49 -501.63 -476.15 -499.90 -547.83 -495.60 -416.76 -367.93 -355.96 -356.35 -350.78 -379.07 -414.58 -441.54 -448.84 -456.35 -465.37 -469.52 -468.83
-151.64 -9999.00 -9999.00 -9999.00 -9999.00 -9999.00 -9999.00 -131.98 -130.09 -128.00 -125.78 -123.58 -121.22 -9999.00 -9999.00 -9999.00 -9999.00 -9999.00 -9999.00 -9999.00 -9999.00 -9999.00 -9999.00 -9999.00 -127.26 -159.31 -179.38 -181.70 -193.28 -227.12 -266.48 -306.80 -347.16 -387.96 -423.87 -463.87 -509.10 -542.31 -559.30 -536.10 -521.64 -499.59 -463.40 -454.39 -485.43 -538.38 -526.61 -524.69 -576.67 -559.56 -511.03 -464.14 -440.54 -431.65 -406.25 -412.30 -435.88 -452.41 -463.98 -474.09 -479.14 -483.59 -480.54
-174.91 -138.54 -128.15 -9999.00 -9999.00 -9999.00 -124.13 -125.07 -123.81 -122.48 -121.21 -120.10 -9999.00 -9999.00 -9999.00 -9999.00 -9999.00 -9999.00 -9999.00 -9999.00 -9999.00 -9999.00 -9999.00 -135.15 -162.61 -189.74 -203.77 -197.20 -206.62 -244.80 -283.19 -319.86 -353.77 -393.34 -436.17 -464.83 -506.83 -546.50 -577.30 -586.89 -570.95 -558.93 -524.32 -492.68 -510.27 -555.54 -574.75 -557.78 -596.80 -586.49 -547.52 -486.66 -471.33 -468.15 -459.40 -457.84 -456.42 -467.49 -482.41 -492.24 -496.41 -496.18 -493.85
-200.51 -162.96 -136.98 -128.92 -9999.00 -127.29 -125.77 -125.30 -125.00 -124.90 -124.94 -125.12 -125.71 -125.70 -121.25 -9999.00 -9999.00 -9999.00 -9999.00 -9999.00 -9999.00 -9999.00 -128.24 -166.20 -187.26 -204.28 -213.54 -209.81 -225.80 -254.16 -281.97 -309.13 -335.31 -360.93 -393.61 -430.10 -477.22 -523.41 -560.73 -593.02 -609.67 -595.87 -576.43 -552.34 -529.13 -567.93 -617.11 -590.12 -617.27 -607.57 -554.64 -503.95 -498.82 -491.61 -475.32 -469.66 -477.07 -488.52 -504.12 -509.70 -510.94 -509.08 -510.00
-227.17 -202.45 -179.53 -151.66 -128.24 -124.82 -128.16 -131.79 -135.82 -140.07 -144.69 -149.69 -152.65 -152.14 -148.23 -139.48 -126.60 -9999.00 -9999.00 -9999.00 -123.62 -139.96 -163.40 -189.07 -204.23 -214.61 -222.90 -224.25 -244.85 -265.80 -285.82 -305.59 -324.83 -341.70 -372.96 -419.01 -468.05 -514.93 -556.86 -591.57 -619.11 -629.02 -620.35 -590.92 -573.52 -571.87 -628.96 -631.66 -637.75 -627.01 -579.18 -543.12 -531.29 -515.66 -496.75 -506.21 -516.36 -514.88 -522.88 -528.60 -527.93 -524.75 -532.87
-264.27 -245.73 -223.52 -194.59 -158.63 -124.47 -121.29 -130.57 -142.86 -153.91 -163.03 -167.02 -170.46 -171.65 -170.60 -165.47 -156.60 -144.17 -138.85 -142.35 -154.93 -168.26 -181.50 -198.18 -210.88 -223.78 -232.83 -242.73 -257.26 -271.63 -285.75 -299.34 -311.94 -324.46 -370.16 -414.75 -447.64 -477.65 -514.64 -564.06 -603.57 -641.16 -651.98 -633.47 -600.57 -576.05 -621.49 -656.99 -659.65 -638.49 -581.86 -587.80 -583.82 -552.99 -537.38 -562.00 -548.27 -538.61 -544.30 -549.75 -546.65 -544.86 -561.13
-302.76 -288.57 -267.14 -233.34 -195.49 -152.90 -138.37 -147.26 -163.50 -173.76 -178.26 -180.48 -185.06 -186.98 -185.67 -179.60 -170.04 -159.63 -153.42 -158.24 -168.10 -177.93 -188.67 -201.65 -218.32 -233.03 -243.44 -253.14 -262.96 -272.58 -282.16 -291.41 -300.00 -309.21 -345.38 -366.55 -401.44 -445.80 -490.98 -542.31 -583.45 -640.84 -661.28 -669.08 -638.36 -614.73 -614.53 -662.78 -683.58 -656.39 -613.98 -624.89 -629.54 -599.53 -567.75 -582.29 -570.76 -563.19 -569.48 -573.39 -569.26 -569.89 -591.03
-342.98 -327.11 -301.35 -265.55 -224.24 -188.69 -169.01 -175.55 -191.64 -197.29 -195.24 -195.24 -201.45 -203.86 -199.87 -188.86 -175.85 -163.64 -159.05 -165.16 -173.89 -182.15 -190.45 -208.15 -224.86 -240.91 -252.64 -259.74 -266.35 -272.89 -279.43 -285.99 -292.22 -296.01 -310.00 -341.69 -388.32 -444.63 -508.14 -557.02 -596.65 -627.09 -665.25 -683.76 -679.10 -644.05 -627.82 -664.39 -699.21 -678.06 -646.40 -652.69 -651.81 -624.48 -596.14 -598.99 -594.50 -590.31 -601.12 -602.47 -591.22 -593.60 -621.29
-372.77 -354.39 -320.62 -278.95 -249.68 -223.88 -201.55 -211.25 -222.30 -224.39 -216.58 -211.74 -218.20 -218.23 -207.16 -189.03 -174.92 -163.82 -162.16 -169.60 -180.36 -187.26 -195.45 -216.05 -230.51 -245.51 -257.43 -265.58 -273.55 -281.51 -289.60 -298.08 -307.69 -312.60 -317.66 -350.06 -406.16 -464.20 -505.46 -530.44 -564.95 -603.71 -653.60 -690.85 -9999.00 -667.50 -639.66 -681.18 -9999.00 -697.21 -674.30 -684.89 -680.18 -656.70 -617.29 -619.32 -620.66 -621.44 -635.30 -634.50 -617.15 -633.77 -657.45
-392.00 -358.14 -327.62 -305.56 -285.00 -255.23 -231.04 -248.57 -255.98 -253.03 -238.93 -230.46 -234.67 -226.96 -204.81 -187.98 -173.64 -165.52 -166.57 -176.03 -187.72 -195.44 -207.05 -224.11 -237.16 -249.07 -259.77 -270.67 -281.42 -291.93 -302.34 -312.00 -328.12 -334.85 -334.48 -356.17 -395.13 -453.80 -514.88 -551.91 -561.94 -599.66 -649.36 -692.54 -9999.00 -675.20 -656.73 -698.40 -9999.00 -9999.00 -9999.00 -9999.00 -9999.00 -682.87 -642.88 -636.78 -646.71 -648.86 -666.26 -657.51 -644.26 -675.03 -690.67
-424.25 -377.88 -352.66 -334.41 -303.91 -283.51 -276.36 -290.08 -289.78 -281.45 -260.83 -249.67 -249.69 -230.13 -205.38 -188.55 -176.42 -177.87 -186.19 -193.54 -200.20 -208.15 -219.18 -232.27 -244.40 -256.53 -268.10 -280.18 -292.91 -305.40 -315.76 -323.70 -337.98 -347.97 -350.69 -365.12 -400.24 -455.22 -517.77 -561.02 -585.22 -605.29 -648.18 -9999.00 -9999.00 -9999.00 -679.98 -698.21 -9999.00 -9999.00 -9999.00 -9999.00 -9999.00 -9999.00 -672.61 -653.47 -669.00 -675.39 -690.41 -676.01 -673.25 -9999.00 -9999.00
-440.69 -404.55 -378.05 -349.74 -321.61 -315.86 -324.65 -326.91 -319.71 -306.51 -282.80 -272.52 -261.38 -234.53 -208.74 -191.94 -186.06 -213.51 -224.83 -223.60 -221.46 -221.45 -231.61 -241.04 -255.67 -271.70 -287.77 -304.43 -323.18 -337.24 -331.44 -333.72 -345.31 -360.73 -373.94 -384.84 -405.47 -456.43 -516.31 -561.46 -590.13 -634.88 -684.84 -9999.00 -9999.00 -9999.00 -9999.00 -698.71 -9999.00 -9999.00 -9999.00 -9999.00 -9999.00 -9999.00 -689.72 -668.71 -686.64 -697.26 -9999.00 -686.58 -694.97 -9999.00 -9999.00
