MaGIC-1/fogli/dati/02-Savona/grid/02-100m.txt
ncols         368
nrows         565
xllcorner     424191.971
yllcorner     4850831.878
cellsize      100
nodata_value  -9999
[rows 448 to 475 of 565, columns 252 to 314 of 368]
-9999.00 -9999.00 -9999.00 -9999.00 -9999.00 -9999.00 -9999.00 -9999.00 -9999.00 -9999.00 -9999.00 -9999.00 -9999.00 -9999.00 -9999.00 -9999.00 -9999.00 -9999.00 -9999.00 -9999.00 -9999.00 -9999.00 -9999.00 -9999.00 -9999.00 -697.52 -690.23 -692.16 -9999.00 -9999.00 -9999.00 -9999.00 -9999.00 -9999.00 -9999.00 -9999.00 -9999.00 -9999.00 -9999.00 -9999.00 -9999.00 -9999.00 -9999.00 -9999.00 -9999.00 -9999.00 -9999.00 -9999.00 -9999.00 -9999.00 -9999.00 -9999.00 -9999.00 -9999.00 -9999.00 -9999.00 -9999.00 -9999.00 -9999.00 -9999.00 -9999.00 -9999.00 -9999.00
-9999.00 -9999.00 -9999.00 -9999.00 -9999.00 -9999.00 -9999.00 -9999.00 -9999.00 -9999.00 -9999.00 -9999.00 -9999.00 -9999.00 -9999.00 -9999.00 -9999.00 -699.18 -697.96 -697.70 -698.19 -698.44 -9999.00 -697.57 -694.74 -689.87 -684.77 -688.65 -9999.00 -9999.00 -9999.00 -9999.00 -9999.00 -9999.00 -9999.00 -9999.00 -9999.00 -9999.00 -9999.00 -9999.00 -9999.00 -9999.00 -9999.00 -9999.00 -9999.00 -9999.00 -9999.00 -9999.00 -9999.00 -9999.00 -9999.00 -9999.00 -9999.00 -9999.00 -9999.00 -9999.00 -9999.00 -9999.00 -9999.00 -9999.00 -9999.00 -9999.00 -9999.00
-9999.00 -9999.00 -9999.00 -9999.00 -9999.00 -9999.00 -9999.00 -9999.00 -9999.00 -9999.00 -9999.00 -9999.00 -9999.00 -9999.00 -9999.00 -698.94 -696.62 -693.56 -692.37 -691.71 -691.17 -690.43 -690.93 -690.34 -687.91 -683.60 -679.72 -690.25 -9999.00 -9999.00 -9999.00 -9999.00 -9999.00 -9999.00 -9999.00 -9999.00 -9999.00 -9999.00 -9999.00 -9999.00 -9999.00 -9999.00 -9999.00 -9999.00 -9999.00 -9999.00 -9999.00 -9999.00 -9999.00 -9999.00 -9999.00 -9999.00 -9999.00 -9999.00 -9999.00 -9999.00 -9999.00 -9999.00 -9999.00 -9999.00 -9999.00 -9999.00 -9999.00
-9999.00 -9999.00 -9999.00 -9999.00 -9999.00 -9999.00 -9999.00 -9999.00 -9999.00 -9999.00 -9999.00 -9999.00 -9999.00 -699.59 -697.63 -694.43 -690.77 -688.42 -687.36 -685.57 -684.60 -683.58 -683.72 -682.71 -680.50 -677.50 -674.96 -689.41 -9999.00 -9999.00 -9999.00 -9999.00 -9999.00 -9999.00 -9999.00 -9999.00 -9999.00 -9999.00 -9999.00 -9999.00 -9999.00 -9999.00 -9999.00 -9999.00 -9999.00 -9999.00 -9999.00 -9999.00 -9999.00 -9999.00 -9999.00 -9999.00 -9999.00 -9999.00 -9999.00 -9999.00 -9999.00 -9999.00 -9999.00 -9999.00 -9999.00 -9999.00 -9999.00
-9999.00 -9999.00 -9999.00 -9999.00 -9999.00 -9999.00 -9999.00 -9999.00 -9999.00 -9999.00 -9999.00 -698.50 -697.07 -694.86 -692.32 -689.12 -685.61 -683.74 -681.80 -680.47 -679.26 -677.87 -677.09 -676.48 -674.36 -671.27 -667.53 -671.90 -695.84 -9999.00 -9999.00 -9999.00 -9999.00 -9999.00 -9999.00 -9999.00 -9999.00 -9999.00 -9999.00 -9999.00 -9999.00 -9999.00 -9999.00 -9999.00 -9999.00 -9999.00 -9999.00 -9999.00 -9999.00 -9999.00 -9999.00 -9999.00 -9999.00 -9999.00 -9999.00 -9999.00 -9999.00 -9999.00 -9999.00 -9999.00 -9999.00 -9999.00 -9999.00
-9999.00 -9999.00 -9999.00 -9999.00 -9999.00 -9999.00 -9999.00 -9999.00 -699.70 -698.64 -694.96 -693.84 -691.96 -689.59 -687.57 -683.71 -680.87 -678.22 -676.79 -675.92 -674.22 -672.23 -670.85 -669.90 -667.32 -664.26 -661.69 -665.21 -681.63 -695.60 -9999.00 -9999.00 -9999.00 -9999.00 -9999.00 -9999.00 -699.13 -698.39 -696.92 -699.56 -9999.00 -9999.00 -9999.00 -9999.00 -9999.00 -9999.00 -9999.00 -9999.00 -9999.00 -9999.00 -9999.00 -9999.00 -9999.00 -9999.00 -9999.00 -9999.00 -9999.00 -9999.00 -9999.00 -9999.00 -9999.00 -9999.00 -9999.00
-9999.00 -9999.00 -9999.00 -9999.00 -9999.00 -697.64 -696.06 -696.01 -692.97 -690.26 -689.39 -688.47 -687.39 -685.58 -682.68 -679.40 -675.13 -672.24 -671.18 -670.22 -667.95 -666.04 -664.48 -662.90 -659.57 -657.39 -658.01 -661.45 -669.23 -685.36 -698.15 -9999.00 -9999.00 -9999.00 -9999.00 -9999.00 -696.84 -694.83 -695.65 -698.09 -9999.00 -9999.00 -9999.00 -9999.00 -9999.00 -9999.00 -9999.00 -9999.00 -9999.00 -9999.00 -9999.00 -9999.00 -9999.00 -9999.00 -9999.00 -9999.00 -9999.00 -9999.00 -9999.00 -9999.00 -9999.00 -9999.00 -9999.00
-9999.00 -9999.00 -9999.00 -9999.00 -697.14 -695.26 -691.35 -688.20 -684.86 -685.30 -684.57 -684.34 -682.81 -680.36 -678.21 -674.58 -670.02 -666.93 -665.54 -664.18 -661.84 -658.95 -656.48 -655.82 -653.28 -653.61 -655.93 -659.30 -664.65 -677.05 -686.01 -691.35 -695.89 -694.03 -694.64 -689.99 -685.52 -689.98 -695.77 -698.12 -9999.00 -9999.00 -9999.00 -9999.00 -9999.00 -9999.00 -9999.00 -9999.00 -9999.00 -9999.00 -9999.00 -9999.00 -9999.00 -9999.00 -9999.00 -9999.00 -9999.00 -9999.00 -9999.00 -9999.00 -9999.00 -9999.00 -9999.00
-9999.00 -9999.00 -9999.00 -697.12 -693.28 -689.17 -685.50 -680.73 -679.92 -679.31 -678.78 -679.26 -677.94 -674.88 -672.59 -668.95 -665.18 -661.80 -659.45 -657.33 -653.78 -651.56 -649.72 -651.94 -651.31 -651.89 -653.83 -657.25 -661.97 -667.54 -672.74 -681.25 -686.08 -682.00 -680.19 -683.85 -683.93 -686.13 -696.86 -699.41 -9999.00 -9999.00 -9999.00 -9999.00 -9999.00 -9999.00 -9999.00 -9999.00 -9999.00 -9999.00 -9999.00 -9999.00 -9999.00 -9999.00 -9999.00 -9999.00 -9999.00 -9999.00 -9999.00 -9999.00 -9999.00 -9999.00 -9999.00
-9999.00 -9999.00 -697.95 -694.14 -691.23 -686.03 -678.56 -675.47 -674.65 -673.93 -674.14 -673.59 -671.41 -669.06 -666.51 -663.34 -660.27 -656.05 -652.23 -649.62 -646.99 -646.56 -645.14 -648.41 -650.63 -649.90 -653.01 -655.67 -660.59 -662.26 -670.55 -683.32 -680.45 -676.32 -680.35 -679.15 -684.61 -686.55 -695.81 -9999.00 -9999.00 -9999.00 -9999.00 -9999.00 -9999.00 -9999.00 -9999.00 -9999.00 -9999.00 -9999.00 -9999.00 -9999.00 -9999.00 -9999.00 -9999.00 -9999.00 -9999.00 -9999.00 -9999.00 -9999.00 -9999.00 -9999.00 -9999.00
-696.16 -695.05 -694.78 -693.19 -687.19 -679.98 -674.06 -670.08 -669.04 -669.01 -668.56 -666.70 -664.65 -662.76 -660.90 -656.92 -653.30 -648.98 -644.59 -642.33 -643.33 -642.69 -643.04 -645.17 -648.53 -650.44 -651.09 -653.83 -659.00 -662.48 -667.38 -671.25 -674.73 -673.46 -674.98 -679.01 -688.17 -688.53 -693.24 -9999.00 -9999.00 -9999.00 -9999.00 -9999.00 -9999.00 -9999.00 -9999.00 -9999.00 -9999.00 -9999.00 -9999.00 -9999.00 -9999.00 -9999.00 -9999.00 -9999.00 -9999.00 -9999.00 -9999.00 -9999.00 -9999.00 -9999.00 -9999.00
-691.96 -692.46 -690.98 -686.20 -679.74 -675.61 -669.82 -665.47 -663.83 -663.78 -661.61 -659.03 -656.80 -655.55 -652.36 -648.77 -644.85 -640.60 -638.89 -639.07 -640.95 -641.71 -642.78 -644.82 -649.36 -649.58 -650.71 -651.23 -656.80 -660.55 -665.34 -668.58 -672.93 -673.91 -675.83 -680.39 -687.17 -688.99 -694.09 -9999.00 -9999.00 -9999.00 -9999.00 -9999.00 -9999.00 -9999.00 -9999.00 -9999.00 -9999.00 -9999.00 -9999.00 -9999.00 -9999.00 -9999.00 -9999.00 -9999.00 -9999.00 -9999.00 -9999.00 -9999.00 -9999.00 -9999.00 -9999.00
-688.72 -686.93 -683.13 -678.15 -675.38 -670.47 -665.00 -661.07 -659.88 -658.03 -655.58 -650.62 -645.78 -646.26 -640.62 -637.81 -636.77 -636.69 -638.10 -639.10 -639.88 -642.17 -643.73 -643.84 -646.83 -648.38 -651.95 -650.93 -656.84 -661.19 -664.87 -667.45 -671.19 -673.69 -678.23 -680.26 -688.44 -692.27 -695.12 -9999.00 -9999.00 -9999.00 -9999.00 -9999.00 -9999.00 -9999.00 -9999.00 -9999.00 -9999.00 -9999.00 -9999.00 -9999.00 -9999.00 -9999.00 -9999.00 -9999.00 -9999.00 -9999.00 -9999.00 -9999.00 -9999.00 -9999.00 -9999.00
-683.74 -678.10 -676.43 -673.55 -669.94 -664.69 -660.62 -656.95 -654.75 -652.01 -648.80 -641.67 -636.64 -638.67 -635.18 -634.03 -634.98 -636.00 -636.41 -638.67 -641.58 -644.64 -643.53 -645.45 -646.76 -647.66 -649.98 -653.03 -657.61 -661.09 -664.07 -666.07 -670.96 -673.90 -679.64 -682.41 -687.27 -693.36 -697.23 -9999.00 -9999.00 -9999.00 -9999.00 -9999.00 -9999.00 -9999.00 -9999.00 -9999.00 -9999.00 -9999.00 -9999.00 -9999.00 -9999.00 -9999.00 -9999.00 -9999.00 -9999.00 -9999.00 -9999.00 -9999.00 -9999.00 -9999.00 -9999.00
-675.62 -673.08 -671.13 -668.75 -664.55 -660.19 -656.64 -653.24 -648.99 -646.24 -640.82 -635.36 -633.22 -633.73 -634.29 -633.80 -634.25 -635.57 -636.35 -638.49 -639.01 -642.30 -645.32 -646.20 -649.63 -648.14 -648.53 -654.18 -659.59 -664.50 -663.73 -664.67 -670.99 -673.68 -678.87 -684.17 -688.19 -695.13 -698.81 -9999.00 -9999.00 -9999.00 -9999.00 -9999.00 -9999.00 -9999.00 -9999.00 -9999.00 -9999.00 -9999.00 -9999.00 -9999.00 -9999.00 -9999.00 -9999.00 -9999.00 -9999.00 -9999.00 -9999.00 -9999.00 -9999.00 -9999.00 -9999.00
-669.92 -667.93 -666.01 -662.40 -658.82 -655.20 -651.58 -647.21 -643.73 -638.01 -634.32 -632.39 -631.96 -633.12 -637.40 -634.54 -635.13 -635.78 -635.72 -637.26 -640.39 -641.34 -642.51 -645.02 -648.39 -650.30 -651.39 -653.84 -660.86 -663.85 -665.57 -667.13 -670.28 -674.85 -678.15 -684.32 -688.81 -697.01 -699.44 -9999.00 -9999.00 -9999.00 -9999.00 -9999.00 -9999.00 -9999.00 -9999.00 -9999.00 -9999.00 -9999.00 -9999.00 -9999.00 -9999.00 -9999.00 -9999.00 -9999.00 -9999.00 -9999.00 -9999.00 -9999.00 -9999.00 -9999.00 -9999.00
-664.97 -662.45 -660.23 -656.45 -653.62 -649.45 -645.67 -641.81 -636.23 -632.95 -631.39 -631.26 -631.56 -633.04 -636.81 -635.58 -635.99 -637.22 -637.18 -637.95 -639.71 -640.24 -643.89 -645.22 -647.24 -649.86 -653.21 -652.24 -656.90 -662.93 -665.49 -668.18 -671.78 -675.44 -679.99 -683.47 -689.10 -698.29 -699.30 -9999.00 -9999.00 -9999.00 -9999.00 -9999.00 -9999.00 -9999.00 -9999.00 -9999.00 -9999.00 -9999.00 -9999.00 -9999.00 -9999.00 -9999.00 -9999.00 -9999.00 -9999.00 -9999.00 -9999.00 -9999.00 -9999.00 -9999.00 -9999.00
-660.00 -657.09 -654.89 -651.91 -648.08 -644.21 -639.47 -635.82 -631.83 -631.74 -630.68 -631.18 -631.70 -633.53 -635.72 -634.75 -635.71 -638.06 -638.37 -641.92 -641.02 -640.91 -642.15 -647.82 -649.02 -653.85 -654.27 -656.83 -658.31 -661.84 -668.57 -668.54 -673.19 -676.68 -680.59 -685.05 -690.39 -696.32 -699.56 -9999.00 -9999.00 -9999.00 -9999.00 -9999.00 -9999.00 -9999.00 -9999.00 -9999.00 -9999.00 -9999.00 -9999.00 -9999.00 -9999.00 -9999.00 -9999.00 -9999.00 -9999.00 -9999.00 -9999.00 -9999.00 -9999.00 -9999.00 -9999.00
-654.91 -652.30 -650.34 -646.95 -642.69 -637.80 -633.19 -632.33 -630.53 -630.51 -630.95 -631.71 -632.32 -633.75 -635.02 -634.89 -635.69 -637.56 -638.50 -641.89 -645.20 -642.56 -643.99 -650.90 -654.08 -651.89 -655.67 -657.11 -659.63 -664.60 -667.96 -670.59 -673.94 -678.69 -682.35 -686.56 -691.87 -695.95 -699.32 -9999.00 -9999.00 -9999.00 -9999.00 -9999.00 -9999.00 -9999.00 -9999.00 -9999.00 -9999.00 -9999.00 -9999.00 -9999.00 -9999.00 -9999.00 -9999.00 -9999.00 -9999.00 -9999.00 -9999.00 -9999.00 -9999.00 -9999.00 -9999.00
-649.86 -646.92 -644.76 -640.19 -634.63 -631.80 -630.56 -630.42 -630.60 -630.87 -631.68 -632.88 -632.75 -635.00 -636.40 -636.00 -636.92 -638.00 -639.78 -641.40 -643.54 -643.38 -643.46 -654.78 -653.14 -653.03 -654.20 -657.65 -660.13 -665.79 -670.89 -671.33 -675.80 -681.52 -684.30 -687.84 -694.31 -697.81 -9999.00 -9999.00 -9999.00 -9999.00 -9999.00 -9999.00 -9999.00 -9999.00 -9999.00 -9999.00 -9999.00 -9999.00 -9999.00 -9999.00 -9999.00 -9999.00 -9999.00 -9999.00 -9999.00 -9999.00 -9999.00 -9999.00 -9999.00 -9999.00 -9999.00
-644.52 -641.60 -638.41 -633.54 -631.27 -630.10 -630.17 -631.02 -631.65 -631.87 -632.52 -633.66 -633.77 -635.42 -638.09 -637.05 -637.87 -639.90 -640.60 -640.11 -644.63 -645.03 -648.46 -651.75 -654.24 -653.58 -657.79 -657.55 -662.07 -665.87 -673.99 -674.56 -676.68 -682.83 -685.96 -689.86 -694.99 -698.24 -9999.00 -9999.00 -9999.00 -9999.00 -9999.00 -9999.00 -9999.00 -9999.00 -9999.00 -9999.00 -9999.00 -9999.00 -9999.00 -9999.00 -9999.00 -9999.00 -9999.00 -9999.00 -9999.00 -9999.00 -9999.00 -9999.00 -9999.00 -9999.00 -9999.00
-639.03 -635.47 -632.40 -630.78 -630.36 -631.06 -630.64 -631.68 -632.73 -633.46 -634.44 -634.05 -635.01 -635.70 -637.04 -639.19 -640.13 -641.03 -641.78 -642.23 -643.19 -646.27 -648.79 -648.95 -654.26 -656.81 -657.51 -659.85 -662.43 -667.32 -674.52 -675.81 -679.26 -682.92 -687.77 -691.94 -695.80 -9999.00 -9999.00 -9999.00 -9999.00 -9999.00 -9999.00 -9999.00 -9999.00 -9999.00 -9999.00 -9999.00 -9999.00 -9999.00 -9999.00 -9999.00 -9999.00 -9999.00 -9999.00 -9999.00 -9999.00 -9999.00 -9999.00 -9999.00 -9999.00 -9999.00 -9999.00
-634.76 -631.75 -631.10 -630.46 -630.71 -631.86 -631.82 -632.82 -633.54 -634.20 -634.88 -635.77 -636.61 -637.07 -638.57 -642.47 -641.96 -642.96 -642.52 -644.51 -648.28 -648.49 -649.99 -651.77 -654.00 -656.67 -659.95 -662.57 -665.49 -668.85 -675.25 -677.08 -680.88 -685.66 -689.55 -693.99 -697.50 -9999.00 -9999.00 -9999.00 -9999.00 -9999.00 -9999.00 -9999.00 -9999.00 -9999.00 -9999.00 -9999.00 -9999.00 -9999.00 -9999.00 -9999.00 -9999.00 -9999.00 -9999.00 -9999.00 -9999.00 -9999.00 -9999.00 -9999.00 -9999.00 -9999.00 -9999.00
-632.31 -631.80 -631.24 -631.53 -632.17 -632.39 -633.53 -633.74 -634.58 -635.43 -636.39 -637.33 -637.82 -639.17 -640.36 -641.78 -643.00 -644.37 -645.27 -648.39 -648.09 -649.94 -653.52 -654.09 -655.13 -657.41 -661.05 -665.11 -667.04 -671.37 -676.11 -678.60 -683.07 -688.74 -692.14 -695.92 -9999.00 -9999.00 -9999.00 -9999.00 -9999.00 -9999.00 -9999.00 -9999.00 -9999.00 -9999.00 -9999.00 -9999.00 -9999.00 -9999.00 -9999.00 -9999.00 -9999.00 -9999.00 -9999.00 -9999.00 -9999.00 -9999.00 -9999.00 -9999.00 -9999.00 -9999.00 -9999.00
-631.22 -633.43 -632.29 -632.79 -634.04 -634.07 -635.28 -635.60 -636.29 -637.47 -638.38 -640.11 -639.50 -641.60 -642.35 -643.18 -643.86 -646.48 -646.68 -648.95 -649.91 -651.65 -655.54 -656.68 -657.48 -660.17 -663.04 -666.46 -670.54 -674.02 -676.75 -680.69 -685.72 -689.94 -694.46 -698.07 -9999.00 -9999.00 -9999.00 -9999.00 -9999.00 -9999.00 -9999.00 -9999.00 -9999.00 -9999.00 -9999.00 -9999.00 -9999.00 -9999.00 -9999.00 -9999.00 -9999.00 -9999.00 -9999.00 -9999.00 -9999.00 -9999.00 -9999.00 -9999.00 -9999.00 -9999.00 -9999.00
-632.48 -633.12 -633.60 -634.57 -635.54 -636.04 -637.15 -637.73 -638.68 -641.25 -640.02 -640.91 -641.60 -642.33 -643.66 -644.59 -645.91 -646.43 -648.95 -650.99 -650.82 -653.19 -654.85 -656.52 -659.83 -661.03 -664.77 -668.18 -673.50 -678.06 -678.89 -684.04 -688.01 -691.79 -697.79 -9999.00 -9999.00 -9999.00 -9999.00 -9999.00 -9999.00 -9999.00 -9999.00 -9999.00 -9999.00 -9999.00 -9999.00 -9999.00 -9999.00 -9999.00 -9999.00 -9999.00 -9999.00 -9999.00 -9999.00 -9999.00 -9999.00 -9999.00 -9999.00 -9999.00 -9999.00 -9999.00 -9999.00
-633.94 -634.99 -635.91 -637.18 -637.88 -638.23 -638.48 -639.60 -640.97 -642.58 -642.37 -643.54 -644.54 -644.67 -644.68 -647.40 -648.35 -648.42 -650.65 -652.35 -653.80 -656.13 -657.84 -658.86 -661.42 -664.11 -666.86 -670.90 -676.80 -680.55 -681.05 -688.94 -690.14 -694.14 -9999.00 -9999.00 -9999.00 -9999.00 -9999.00 -9999.00 -9999.00 -9999.00 -9999.00 -9999.00 -9999.00 -9999.00 -9999.00 -9999.00 -9999.00 -9999.00 -9999.00 -9999.00 -9999.00 -9999.00 -9999.00 -9999.00 -9999.00 -9999.00 -9999.00 -9999.00 -9999.00 -9999.00 -9999.00
-636.28 -637.07 -638.53 -640.78 -640.30 -641.05 -641.64 -642.00 -643.13 -643.34 -644.52 -644.96 -647.80 -648.08 -648.26 -648.58 -649.04 -650.83 -651.30 -653.93 -656.72 -660.95 -660.30 -662.90 -663.69 -666.30 -670.49 -672.99 -679.29 -681.61 -683.42 -687.74 -691.95 -696.34 -9999.00 -9999.00 -9999.00 -9999.00 -9999.00 -9999.00 -9999.00 -9999.00 -9999.00 -9999.00 -9999.00 -9999.00 -9999.00 -9999.00 -9999.00 -9999.00 -9999.00 -9999.00 -9999.00 -9999.00 -9999.00 -9999.00 -9999.00 -9999.00 -9999.00 -9999.00 -9999.00 -9999.00 -9999.00
