MaGIC-1/fogli/dati/02-Savona/grid/02-100m.txt
ncols         368
nrows         565
xllcorner     424191.971
yllcorner     4850831.878
cellsize      100
nodata_value  -9999
[rows 504 to 531 of 565, columns 126 to 188 of 368]
-452.60 -456.75 -459.41 -461.83 -463.94 -465.81 -466.87 -467.26 -468.13 -470.41 -474.41 -478.05 -482.73 -485.73 -490.14 -492.70 -496.62 -499.68 -503.90 -508.48 -513.32 -518.34 -524.82 -530.88 -536.68 -541.16 -545.53 -548.98 -552.38 -555.73 -558.11 -559.90 -561.56 -562.10 -564.12 -565.35 -568.32 -571.26 -572.13 -576.12 -577.41 -580.69 -581.81 -583.84 -585.86 -587.40 -588.73 -590.90 -593.02 -593.69 -594.71 -595.20 -595.83 -596.83 -598.14 -600.17 -601.57 -603.33 -604.20 -605.38 -607.73 -609.59 -611.31
-462.90 -465.91 -468.36 -470.96 -473.32 -474.74 -475.16 -474.48 -475.40 -476.73 -479.70 -483.57 -487.38 -491.48 -495.29 -498.71 -502.85 -505.90 -509.46 -512.78 -516.53 -520.66 -526.65 -534.27 -540.85 -545.45 -550.48 -554.38 -557.63 -561.03 -563.90 -566.63 -568.51 -569.44 -570.01 -569.72 -572.71 -575.50 -577.42 -579.59 -581.20 -584.43 -585.98 -587.19 -588.08 -588.84 -590.61 -591.59 -593.30 -595.21 -595.06 -595.10 -595.75 -597.36 -598.30 -599.95 -601.95 -603.31 -604.49 -606.72 -607.87 -610.04 -612.04
-472.03 -474.71 -477.79 -479.92 -481.83 -482.70 -483.82 -484.07 -483.58 -483.94 -487.54 -490.90 -494.86 -498.55 -501.99 -506.55 -510.96 -514.55 -517.56 -519.97 -522.32 -525.54 -531.19 -538.07 -544.43 -549.48 -555.19 -560.30 -563.44 -566.66 -570.96 -574.17 -575.18 -575.94 -576.44 -577.34 -578.64 -582.24 -582.99 -584.62 -586.82 -588.88 -588.46 -590.58 -590.59 -591.30 -592.40 -593.85 -594.75 -595.21 -595.62 -594.89 -595.59 -597.02 -598.40 -599.83 -601.67 -602.97 -604.87 -606.75 -609.00 -610.78 -613.59
-481.51 -483.65 -485.75 -487.78 -490.06 -491.59 -492.56 -493.07 -493.13 -494.45 -497.11 -501.09 -504.63 -507.47 -511.59 -517.05 -522.31 -526.22 -528.48 -530.13 -531.01 -533.26 -538.46 -543.22 -548.78 -553.83 -560.77 -565.86 -569.44 -573.11 -576.32 -578.59 -581.58 -583.42 -582.36 -584.19 -584.99 -586.51 -588.52 -589.58 -591.47 -592.59 -591.88 -593.37 -593.08 -593.92 -595.69 -596.70 -596.19 -595.64 -595.34 -596.38 -595.85 -596.72 -598.37 -599.87 -601.76 -603.76 -605.84 -607.83 -609.82 -612.37 -614.14
-489.51 -492.39 -494.34 -496.46 -498.35 -499.89 -500.86 -502.15 -503.36 -505.47 -508.02 -511.54 -513.99 -517.58 -521.70 -527.38 -532.32 -536.99 -539.40 -541.20 -543.04 -544.69 -547.56 -549.22 -553.57 -558.93 -563.82 -569.49 -572.52 -576.94 -579.48 -582.98 -584.81 -586.37 -586.74 -588.28 -590.14 -591.41 -592.57 -593.54 -594.02 -594.86 -594.77 -594.97 -595.86 -597.07 -598.15 -597.97 -597.46 -596.89 -596.48 -596.95 -597.74 -597.70 -598.28 -599.59 -601.37 -603.39 -605.13 -607.84 -610.42 -613.20 -614.86
-496.03 -499.06 -501.03 -503.19 -504.58 -506.45 -508.29 -510.31 -512.05 -513.80 -515.75 -518.12 -521.01 -525.00 -528.75 -533.99 -537.87 -543.33 -546.85 -550.82 -552.55 -553.74 -555.00 -554.55 -558.21 -562.96 -566.06 -571.66 -574.97 -578.18 -581.32 -583.75 -585.73 -587.17 -589.06 -590.57 -592.13 -593.33 -593.55 -594.61 -595.05 -597.11 -597.15 -597.46 -598.52 -599.42 -599.72 -599.29 -598.95 -598.97 -598.73 -599.20 -599.08 -599.45 -599.51 -599.90 -601.40 -603.41 -605.32 -607.73 -610.14 -612.08 -613.32
-501.01 -504.14 -506.35 -507.92 -509.70 -511.90 -513.46 -515.09 -516.73 -518.67 -520.42 -522.43 -524.77 -528.54 -531.77 -536.34 -540.61 -546.54 -550.80 -554.31 -557.85 -558.80 -559.07 -560.06 -562.79 -565.99 -569.88 -574.06 -577.75 -580.71 -582.48 -584.48 -586.47 -588.23 -590.26 -591.60 -592.65 -593.99 -595.17 -595.83 -597.13 -598.78 -599.42 -599.38 -599.95 -600.40 -601.34 -601.26 -601.25 -601.22 -601.42 -601.99 -601.58 -600.90 -601.25 -601.12 -602.51 -602.52 -604.52 -607.20 -610.53 -611.36 -612.13
-506.39 -508.87 -511.44 -512.29 -514.26 -516.29 -517.22 -518.16 -519.43 -521.20 -523.04 -525.27 -528.15 -531.20 -534.78 -538.14 -542.32 -547.42 -550.77 -555.69 -559.59 -561.36 -562.74 -564.99 -567.49 -569.93 -573.28 -577.01 -580.64 -582.83 -583.98 -585.37 -587.58 -590.11 -591.79 -593.30 -594.14 -595.77 -596.91 -597.48 -598.58 -600.06 -601.52 -601.33 -601.58 -602.05 -602.93 -603.35 -603.77 -603.89 -604.03 -604.48 -603.65 -603.70 -603.70 -602.64 -602.62 -602.92 -604.64 -607.85 -609.27 -610.34 -611.74
-512.54 -514.33 -515.20 -516.62 -519.01 -520.95 -521.08 -520.80 -521.44 -523.09 -524.79 -527.33 -529.23 -532.03 -535.49 -538.93 -542.71 -547.12 -551.63 -556.63 -561.00 -564.60 -567.09 -569.48 -571.48 -573.27 -576.59 -580.30 -583.95 -584.13 -585.47 -587.64 -589.31 -591.98 -593.15 -593.46 -595.99 -597.14 -598.60 -599.61 -601.12 -602.28 -603.14 -603.32 -603.75 -604.57 -604.78 -605.53 -606.00 -606.09 -606.82 -607.34 -607.17 -606.72 -606.47 -604.88 -604.05 -603.75 -605.93 -607.12 -607.41 -608.27 -609.88
-518.82 -520.07 -520.98 -522.36 -524.28 -525.83 -526.04 -524.71 -525.63 -525.57 -527.45 -529.85 -529.95 -534.73 -537.63 -540.36 -544.77 -548.11 -552.35 -557.50 -562.02 -566.41 -569.74 -571.90 -574.31 -576.38 -579.39 -583.08 -584.55 -585.69 -587.09 -589.34 -591.07 -593.02 -595.39 -595.44 -597.20 -598.80 -600.23 -601.35 -602.97 -603.78 -604.49 -605.38 -605.96 -607.13 -607.01 -607.44 -608.13 -608.96 -609.38 -610.26 -609.86 -609.92 -608.88 -606.71 -606.24 -606.44 -605.44 -605.24 -605.57 -607.18 -609.11
-525.15 -527.15 -527.77 -529.96 -530.29 -531.15 -529.78 -530.03 -530.60 -531.05 -531.27 -533.06 -534.21 -537.33 -540.02 -542.74 -546.62 -550.13 -554.00 -558.66 -562.91 -567.72 -571.36 -574.03 -577.05 -578.57 -581.24 -583.31 -585.05 -587.48 -588.98 -591.26 -593.57 -595.35 -597.27 -598.19 -598.43 -600.28 -602.11 -603.21 -604.53 -604.89 -606.13 -607.69 -608.25 -609.19 -609.07 -609.78 -610.93 -611.85 -612.44 -612.84 -613.50 -612.07 -611.53 -610.74 -609.05 -607.57 -607.77 -606.13 -605.97 -606.91 -608.29
-531.46 -532.51 -533.24 -535.00 -535.46 -535.62 -535.75 -536.20 -537.12 -536.80 -536.99 -537.69 -539.10 -540.75 -543.26 -545.51 -549.25 -552.72 -556.89 -560.61 -565.24 -569.56 -573.71 -576.68 -578.71 -581.06 -582.46 -584.26 -586.62 -588.98 -590.96 -593.58 -595.21 -597.04 -598.62 -599.87 -600.02 -601.95 -604.03 -605.17 -606.20 -606.87 -608.58 -609.70 -610.02 -610.64 -611.14 -613.26 -613.41 -614.32 -615.09 -614.57 -614.52 -614.09 -614.26 -613.09 -612.39 -609.98 -609.09 -608.34 -608.67 -606.98 -607.19
-533.16 -533.42 -535.58 -537.39 -538.42 -539.31 -540.19 -541.36 -542.10 -542.43 -542.81 -543.16 -544.00 -545.14 -547.15 -549.94 -553.25 -557.36 -561.06 -564.44 -569.00 -573.07 -577.19 -579.98 -580.75 -583.16 -584.25 -585.59 -587.76 -589.37 -593.26 -595.18 -597.23 -599.62 -599.94 -600.64 -601.79 -603.62 -606.14 -607.14 -608.42 -609.04 -610.83 -611.71 -611.91 -612.81 -614.52 -616.24 -616.57 -617.10 -617.40 -616.17 -615.97 -616.72 -616.49 -616.97 -612.98 -612.93 -610.85 -610.21 -609.10 -606.36 -606.85
-534.37 -535.97 -537.44 -538.83 -539.83 -541.34 -543.71 -544.72 -545.86 -547.31 -547.57 -548.24 -549.73 -550.39 -552.38 -555.40 -558.52 -563.11 -566.17 -570.51 -574.42 -579.00 -581.23 -583.05 -584.31 -584.90 -586.08 -586.83 -589.27 -591.17 -595.36 -597.60 -598.73 -601.09 -600.99 -600.89 -603.58 -606.06 -608.04 -609.43 -610.57 -611.74 -612.37 -614.16 -613.75 -615.51 -617.90 -619.70 -620.09 -620.52 -619.31 -618.01 -618.87 -620.37 -619.27 -618.15 -615.67 -613.98 -612.50 -611.63 -609.45 -607.64 -607.37
-536.90 -538.14 -539.84 -540.58 -541.98 -543.56 -546.07 -547.46 -549.21 -550.49 -551.32 -552.10 -553.63 -554.89 -558.06 -560.72 -565.34 -568.99 -572.86 -576.66 -580.18 -584.38 -584.74 -584.59 -587.24 -586.51 -588.36 -588.70 -591.77 -593.98 -596.35 -598.20 -599.47 -600.71 -601.83 -603.20 -606.32 -608.50 -610.15 -611.46 -612.99 -614.57 -615.04 -616.03 -615.96 -618.02 -619.89 -622.08 -622.51 -622.58 -621.77 -621.45 -621.88 -621.63 -620.77 -618.77 -617.37 -615.59 -614.56 -613.68 -611.16 -608.81 -607.93
-539.89 -541.00 -542.37 -542.99 -544.91 -546.69 -548.51 -550.46 -551.84 -552.96 -553.61 -554.23 -555.89 -558.96 -562.18 -566.72 -572.04 -574.81 -578.42 -581.75 -583.81 -587.02 -588.01 -586.25 -588.20 -590.43 -590.83 -591.39 -592.09 -593.86 -596.09 -599.89 -601.56 -602.52 -604.03 -607.20 -608.30 -611.28 -612.36 -612.41 -614.83 -616.13 -618.36 -618.18 -618.02 -619.78 -622.11 -624.30 -626.06 -625.48 -624.34 -624.42 -623.78 -623.42 -621.95 -620.35 -619.34 -617.92 -617.05 -615.35 -613.58 -611.16 -609.22
-542.95 -544.13 -545.57 -546.46 -547.65 -549.05 -550.66 -553.15 -554.12 -554.87 -556.04 -556.38 -557.66 -562.28 -566.04 -571.82 -575.53 -579.54 -580.83 -584.40 -586.93 -588.86 -590.62 -588.95 -589.47 -590.77 -591.77 -592.52 -594.50 -596.50 -600.03 -602.61 -604.59 -605.65 -606.73 -607.37 -608.54 -612.53 -614.62 -614.67 -616.63 -619.20 -620.40 -620.60 -620.46 -621.99 -624.89 -627.35 -628.47 -627.95 -626.25 -626.45 -626.00 -625.14 -623.88 -622.62 -621.98 -621.06 -620.10 -618.40 -616.16 -613.24 -612.12
-546.36 -547.37 -548.99 -549.17 -550.33 -552.24 -553.54 -555.61 -556.49 -556.72 -558.17 -558.48 -560.51 -566.04 -570.79 -575.34 -578.36 -581.35 -581.52 -584.85 -587.96 -590.28 -591.73 -591.99 -592.93 -594.17 -594.88 -595.38 -597.61 -599.92 -603.13 -605.44 -607.44 -609.18 -608.24 -608.20 -609.07 -611.64 -612.35 -614.98 -617.75 -620.17 -621.11 -621.55 -622.65 -624.20 -626.29 -628.02 -628.74 -629.49 -629.57 -630.00 -629.17 -628.45 -626.62 -626.25 -626.02 -624.49 -622.81 -621.13 -619.43 -616.56 -612.81
-550.95 -551.24 -552.53 -554.03 -554.20 -555.03 -556.19 -558.24 -559.78 -560.59 -560.71 -562.78 -568.10 -570.71 -575.20 -575.42 -578.87 -581.20 -584.05 -587.37 -590.35 -592.79 -594.19 -595.45 -596.21 -596.95 -596.83 -598.55 -600.85 -602.49 -605.19 -607.92 -610.16 -610.74 -609.75 -609.17 -610.69 -612.48 -614.56 -616.85 -618.64 -619.83 -621.23 -623.05 -624.82 -626.89 -628.40 -629.47 -630.75 -631.52 -632.22 -633.04 -632.51 -632.46 -629.98 -628.06 -627.55 -626.35 -625.04 -623.52 -621.39 -618.49 -615.90
-554.74 -556.22 -556.11 -558.32 -557.50 -558.45 -560.36 -561.40 -563.00 -563.69 -564.57 -566.21 -568.52 -571.01 -574.51 -578.18 -581.21 -584.16 -587.25 -590.61 -593.01 -595.31 -597.41 -598.23 -598.83 -599.77 -600.24 -602.06 -603.40 -605.36 -608.03 -610.57 -611.94 -612.53 -612.89 -612.45 -613.42 -615.21 -617.77 -619.87 -620.68 -622.09 -623.44 -624.93 -626.64 -628.73 -630.96 -632.20 -633.46 -634.00 -635.16 -635.88 -635.46 -634.49 -632.71 -632.44 -631.06 -630.10 -628.73 -628.30 -625.88 -622.51 -620.32
-558.38 -560.29 -561.51 -562.95 -562.70 -563.76 -564.23 -564.33 -565.00 -566.35 -567.44 -568.31 -570.46 -573.59 -577.73 -580.85 -584.73 -587.20 -590.23 -592.79 -594.72 -596.69 -598.93 -600.48 -601.59 -601.97 -603.92 -604.86 -606.63 -608.65 -610.61 -612.05 -613.81 -614.81 -615.95 -615.99 -616.17 -618.13 -619.96 -621.31 -622.87 -624.35 -624.74 -627.10 -629.87 -631.82 -633.79 -635.38 -636.87 -637.31 -638.27 -639.19 -638.90 -638.19 -636.87 -635.83 -634.47 -635.07 -634.85 -633.94 -630.94 -627.68 -627.41
-560.32 -560.90 -564.40 -566.42 -566.62 -566.78 -565.90 -566.99 -568.42 -569.84 -571.25 -572.82 -575.16 -578.17 -580.48 -583.57 -585.55 -589.12 -591.38 -593.99 -596.95 -598.55 -600.83 -601.49 -602.81 -604.49 -606.65 -607.69 -609.20 -610.54 -612.41 -613.79 -615.92 -617.89 -618.91 -620.00 -619.90 -620.78 -622.32 -624.13 -625.27 -626.36 -628.05 -631.04 -633.09 -634.39 -636.60 -638.42 -639.73 -641.05 -641.46 -642.79 -643.32 -642.38 -640.83 -639.20 -641.20 -641.32 -640.83 -639.84 -637.35 -635.94 -637.13
-560.61 -563.17 -565.28 -567.00 -567.97 -569.20 -570.20 -571.78 -573.49 -574.70 -576.49 -578.88 -580.16 -580.94 -582.72 -585.83 -587.90 -590.52 -593.41 -595.94 -598.48 -600.22 -601.59 -602.97 -604.59 -606.66 -608.42 -609.73 -611.34 -612.95 -614.44 -616.33 -618.30 -619.91 -621.56 -623.15 -623.93 -624.92 -625.99 -627.51 -628.56 -629.58 -632.24 -634.24 -635.19 -636.85 -639.78 -641.54 -643.40 -644.61 -645.87 -646.76 -648.16 -647.50 -646.41 -645.02 -648.43 -648.86 -648.77 -647.52 -646.48 -646.72 -648.98
-561.20 -564.41 -566.61 -568.64 -571.02 -573.78 -575.43 -577.04 -578.04 -579.67 -580.92 -582.30 -584.18 -584.98 -586.69 -589.47 -591.34 -593.46 -596.03 -598.59 -600.75 -602.32 -604.35 -605.63 -606.79 -609.00 -610.31 -612.24 -613.96 -615.63 -617.40 -618.75 -619.96 -621.99 -623.89 -625.71 -627.05 -628.83 -630.41 -631.49 -632.87 -632.95 -635.27 -637.15 -638.76 -640.10 -642.55 -644.80 -647.29 -648.44 -650.61 -651.70 -652.49 -653.25 -651.87 -653.43 -654.50 -652.58 -655.67 -654.82 -654.51 -655.34 -659.58
-562.06 -565.53 -568.70 -570.67 -572.50 -576.43 -579.91 -580.11 -582.20 -583.63 -584.90 -585.73 -587.48 -587.97 -590.21 -592.75 -595.12 -597.11 -599.05 -601.02 -603.01 -605.11 -606.97 -608.48 -609.97 -612.04 -613.60 -615.45 -616.69 -618.81 -619.90 -621.27 -622.80 -624.68 -626.93 -629.25 -630.38 -632.63 -634.28 -635.87 -637.81 -637.06 -639.18 -641.16 -643.03 -644.10 -646.20 -648.37 -651.04 -652.12 -654.81 -656.54 -658.56 -658.69 -656.35 -661.92 -661.21 -661.91 -663.03 -663.44 -661.87 -665.41 -670.19
-563.38 -565.92 -568.87 -571.25 -573.86 -576.81 -578.72 -580.94 -583.73 -586.43 -587.94 -589.48 -590.64 -592.01 -594.55 -596.92 -598.64 -600.36 -602.29 -604.08 -606.00 -607.78 -609.39 -610.60 -612.65 -614.86 -616.56 -618.49 -619.87 -622.64 -623.40 -624.99 -626.42 -628.73 -630.37 -633.07 -634.41 -636.54 -638.34 -640.58 -642.26 -643.12 -643.20 -646.02 -647.66 -648.20 -651.64 -654.75 -656.90 -659.00 -662.84 -668.45 -666.08 -664.48 -665.39 -667.83 -670.34 -673.03 -672.30 -673.41 -674.55 -677.69 -681.21
-562.73 -565.68 -568.77 -571.65 -574.41 -576.55 -579.32 -582.00 -584.94 -587.59 -590.07 -592.15 -593.92 -595.76 -598.09 -599.46 -601.11 -602.69 -604.96 -606.71 -609.21 -610.08 -611.96 -613.33 -615.75 -617.50 -619.38 -621.97 -623.49 -626.39 -628.00 -630.04 -631.84 -633.75 -635.48 -637.88 -638.79 -640.45 -642.04 -644.24 -645.78 -647.60 -648.17 -651.48 -652.81 -654.06 -658.83 -663.14 -665.45 -665.65 -670.29 -673.35 -673.50 -676.85 -677.31 -677.96 -680.92 -682.45 -683.57 -683.84 -684.98 -686.69 -687.64
-560.57 -564.28 -567.43 -570.76 -573.40 -576.72 -579.77 -582.40 -585.62 -588.38 -590.93 -593.64 -596.11 -598.11 -599.91 -601.46 -603.08 -604.71 -606.58 -608.79 -610.10 -612.02 -614.03 -615.82 -618.02 -620.07 -622.32 -624.53 -626.62 -629.82 -632.43 -635.15 -637.00 -640.62 -642.38 -643.61 -644.12 -644.51 -645.73 -646.94 -649.82 -651.92 -653.09 -656.32 -659.13 -660.69 -668.28 -670.11 -677.30 -679.24 -682.24 -685.41 -685.79 -684.05 -686.16 -687.03 -693.82 -692.63 -691.73 -689.29 -690.13 -691.11 -691.27
